[gd_scene load_steps=7 format=3 uid="uid://ba5chjeav3yb"]

[ext_resource type="PackedScene" uid="uid://cdljmat15683r" path="res://block.tscn" id="1_3hls8"]
[ext_resource type="PackedScene" uid="uid://dvukqpfgyamdx" path="res://steve.tscn" id="2_hbghi"]
[ext_resource type="PackedScene" uid="uid://exdfkyc6a4st" path="res://coin.tscn" id="5_rka8t"]
[ext_resource type="Environment" uid="uid://bmg80mjdxpy35" path="res://Kaynaklar/level_1_ortam.tres" id="6_5hph3"]
[ext_resource type="PackedScene" uid="uid://bwggrf7sbmkcv" path="res://deneme/addons/player_character_scene.tscn" id="6_j7kpp"]
[ext_resource type="MeshLibrary" uid="uid://bgcxjut636ix8" path="res://Kaynaklar/word-block-v1.tres" id="7_j7kpp"]

[node name="Level1" type="Node3D"]

[node name="DirectionalLight3D" type="DirectionalLight3D" parent="."]
transform = Transform3D(0.9988518, -0.02978898, -0.037521075, 0.0479084, 0.6210764, 0.7822844, 0, -0.7831837, 0.6217904, 0, 8.223158, 4.103897)
shadow_enabled = true

[node name="Block" type="Node3D" parent="."]

[node name="Block1" parent="Block" instance=ExtResource("1_3hls8")]
transform = Transform3D(-0.7999886, 0.45424283, 0.39202273, -0.6000154, -0.6056328, -0.522676, -6.309627e-09, -0.6533547, 0.75705206, 1.183078, 5.571928, -0.8718678)

[node name="Block2" parent="Block" instance=ExtResource("1_3hls8")]
transform = Transform3D(-0.9442043, -0.2493434, -0.21518952, 0.3293612, -0.71481156, -0.61689997, -6.309627e-09, -0.6533547, 0.75705206, -0.1684255, 5.600443, -0.07200539)

[node name="Block3" parent="Block" instance=ExtResource("1_3hls8")]
transform = Transform3D(-0.9800362, 0.15051757, 0.12990035, -0.19882058, -0.7419382, -0.64031094, -1.36114675e-08, -0.65335476, 0.7570522, 0.40344238, 3.5719283, -2.0357213)

[node name="Block4" parent="Block" instance=ExtResource("1_3hls8")]
transform = Transform3D(-0.9800362, 0.15051757, 0.12990035, -0.19882058, -0.7419382, -0.64031094, -1.36114675e-08, -0.65335476, 0.7570522, 1.2620828, 4.434721, -0.4528309)

[node name="Steve" parent="." instance=ExtResource("2_hbghi")]
transform = Transform3D(1, 0, 0, 0, 1, 0, 0, 0, 1, 0.17321289, 1.1739614, 8.831694)

[node name="WorldEnvironment" type="WorldEnvironment" parent="."]
environment = ExtResource("6_5hph3")

[node name="GridMap" type="GridMap" parent="."]
transform = Transform3D(1, 0, 0, 0, 1, 0, 0, 0, 1, 0, -1, 0)
mesh_library = ExtResource("7_j7kpp")
cell_center_y = false
data = {
"cells": PackedInt32Array(2, 65535, 1441792, 2, 65534, 1441792, 2, 65533, 1441792, 2, 65532, 1441792, 2, 0, 1441792, 2, 1, 1441792, 2, 2, 1441792, 2, 3, 1441792, 1, 3, 1441792, 0, 3, 1441792, 65535, 3, 1441792, 65534, 3, 1441792, 65533, 3, 1441792, 65533, 2, 1441792, 65533, 1, 1441792, 65533, 0, 1441792, 65533, 65535, 1441792, 65533, 65534, 1441792, 65534, 65534, 1441792, 65534, 65533, 1441792, 65533, 65533, 1441792, 65533, 65532, 1441792, 65534, 65532, 1441792, 1, 65532, 1441792, 1, 65533, 1441792, 1, 65534, 1441792, 0, 65534, 1441792, 0, 65533, 1441792, 0, 65532, 1441792, 65535, 65533, 1441792, 65535, 65534, 1441792, 65535, 65535, 1441792, 65535, 0, 1441792, 65534, 65535, 1441792, 65534, 0, 1441792, 65534, 1, 1441792, 65535, 2, 1441792, 0, 2, 1441792, 65535, 1, 1441792, 65534, 2, 1441792, 0, 1, 1441792, 0, 0, 1441792, 1, 1, 1441792, 1, 0, 1441792, 1, 2, 1441792, 1, 65535, 655360, 0, 65535, 1441792, 65535, 65532, 1441792, 65532, 65532, 1441792, 65532, 65533, 1441792, 65532, 65534, 1441792, 65532, 65535, 1441792, 65532, 0, 1441792, 65532, 1, 1441792, 65532, 2, 1441792, 65532, 3, 1441792, 65532, 4, 1441792, 65533, 4, 1441792, 65534, 4, 1441792, 65535, 4, 1441792, 0, 4, 1441792, 1, 4, 1441792, 2, 4, 1441792, 2, 5, 1048581, 1, 5, 1048581, 0, 5, 1048581, 65535, 5, 1048581, 65534, 5, 1048581, 65533, 5, 1048581, 65532, 5, 1048581, 65531, 4, 5, 65531, 3, 5, 65531, 2, 5, 65531, 1, 5, 65531, 0, 655360, 65531, 65535, 1441792, 65531, 65534, 5, 65531, 65532, 5, 65531, 65533, 5, 65531, 5, 1048582, 3, 4, 0, 3, 3, 0, 3, 2, 0, 3, 1, 0, 3, 0, 0, 3, 65535, 0, 3, 65534, 0, 3, 65533, 0, 3, 65532, 0, 2, 65531, 1441797, 1, 65531, 1441797, 65534, 65531, 1441797, 65533, 65531, 1441797, 65532, 65531, 1441797, 3, 65531, 1441797, 3, 5, 1048581, 65531, 65531, 6, 0, 65531, 0, 65535, 65531, 0, 4, 65531, 1441798, 4, 65532, 655365, 4, 65533, 655365, 4, 65534, 655365, 4, 65535, 655365, 4, 0, 655365, 4, 1, 655365, 4, 2, 655365, 4, 3, 655365, 4, 4, 655365, 4, 5, 655366, 65536, 65530, 1441793, 131071, 65530, 1441793, 131071, 65529, 1441794, 65536, 65529, 1441794, 131070, 65530, 1441793, 65537, 65530, 1441793, 131070, 65529, 1441794, 65537, 65529, 1441794, 131073, 65528, 1441793, 131072, 65528, 1441793, 196607, 65528, 1441793, 196606, 65528, 1441793, 131073, 65527, 1441794, 131072, 65527, 1441794, 196607, 65527, 1441794, 196606, 65527, 1441794, 131073, 65526, 1441792, 196607, 65526, 0, 131072, 65526, 1441792, 196606, 65526, 0, 131073, 65525, 0, 131072, 65525, 0, 196607, 65525, 0, 196606, 65525, 0, 131073, 65524, 0, 196607, 65524, 1441792, 196606, 65524, 1441792, 131072, 65524, 0, 131073, 65523, 1441797, 131072, 65523, 1441797, 196607, 65523, 1441797, 196606, 65523, 1441797, 196605, 65526, 5, 196605, 65525, 5, 196605, 65524, 5, 196605, 65523, 6, 196605, 65527, 1048582, 131074, 65526, 0, 131074, 65527, 0, 131074, 65525, 655365, 131074, 65524, 655365, 131074, 65523, 1441798, 131071, 65535, 1441795, 65536, 65535, 1441795, 131071, 65534, 1441795, 65536, 65534, 1441795, 65536, 0, 1441795, 131071, 0, 1441795, 65530, 65535, 655362, 65530, 0, 655362, 65529, 65535, 655361, 65529, 0, 655361, -8, 65535, 655360, -8, 0, 655360, -9, 65535, 655363, -9, 0, 655363, -65546, 65535, 0, -65545, 0, 0, -65546, 0, 0, -65545, 65535, 0, -7, 0, 0, -7, 65535, 0, 65536, 65527, 0, 131071, 65527, 0, 131070, 65527, 0, 131070, 65528, 0, 131071, 65528, 0, 65536, 65528, 0, 65537, 65528, 0, -65547, 65535, 1441795, -65547, 0, 1441795, -131084, 65535, 655360, -131083, 0, 655360, -131084, 0, 655360, -131083, 65535, 655360, -131085, 65535, 5, -131085, 0, 5, -131085, 1, 5, -131085, 2, 5, -131085, 3, 5, -131085, 4, 5, -131084, 1, 655365, -131084, 2, 655365, -131084, 3, 655365, -131084, 4, 655365, -131084, 5, 655366, -131085, 5, 1048582, -131084, 65534, 655365, -131084, 65533, 655365, -131084, 65532, 655365, -131084, 65531, 1441792, -131083, 65531, 655366, -131083, 65530, 655365, -131083, 65529, 1441798, -131084, 65529, 0, -131084, 65530, 0, -131085, 65530, 1441792, -131085, 65529, 0, -131086, 65530, 5, -131086, 65529, 6, -131086, 65531, 1048582, -131085, 65531, 1441792, -131085, 65532, 5, -131085, 65533, 5, -131085, 65534, 5, -131084, 65528, 0, -131085, 65527, 0, -131084, 65526, 0, -131085, 65524, 0, -131084, 65522, 0, -131085, 65521, 0, -131084, 65519, 0, -131084, 65517, 0, -131085, 65515, 0, -131084, 65513, 0, 1, 65530, 655360, 0, 65530, 655360, 65535, 65530, 655360, 65534, 65530, 655360, 196610, 65529, 3, 262148, 65529, 3, 327686, 65529, 3, 327688, 65526, 0, 327687, 65526, 0, 327686, 65526, 0, 327685, 65526, 0, 327685, 65525, 0, 327685, 65524, 0, 327685, 65523, 0, 327686, 65523, 0, 327687, 65523, 0, 327688, 65523, 0, 327688, 65524, 0, 327688, 65525, 0, 327687, 65525, 0, 327687, 65524, 0, 327686, 65524, 0, 327686, 65525, 0, 327687, 65529, 3, 327687, 65527, 3, 327686, 65527, 3)
}
metadata/_editor_floor_ = Vector3(0, 5, 0)

[node name="Coin" type="Node3D" parent="."]

[node name="Coin1" parent="Coin" instance=ExtResource("5_rka8t")]
transform = Transform3D(1, 0, 0, 0, 1, 0, 0, 0, 1, 0.008945942, 0.65134037, 3.1633792)

[node name="Coin2" parent="Coin" instance=ExtResource("5_rka8t")]
transform = Transform3D(1, 0, 0, 0, 1, 0, 0, 0, 1, -22.08305, -4.2047815, 0.23891902)

[node name="Coin3" parent="Coin" instance=ExtResource("5_rka8t")]
transform = Transform3D(1, 0, 0, 0, 1, 0, 0, 0, 1, 3.6232543, 2.4333715, 3.1633792)

[node name="Coin4" parent="Coin" instance=ExtResource("5_rka8t")]
transform = Transform3D(1, 0, 0, 0, 1, 0, 0, 0, 1, -7.843564, 0.62962496, 1.440634)
metadata/_edit_group_ = true

[node name="Coin5" parent="Coin" instance=ExtResource("5_rka8t")]
transform = Transform3D(1, 0, 0, 0, 1, 0, 0, 0, 1, -0.010997295, 0.5279727, -9.644802)

[node name="Coin6" parent="Coin" instance=ExtResource("5_rka8t")]
transform = Transform3D(1, 0, 0, 0, 1, 0, 0, 0, 1, 0.16157913, 4.501562, -18.335976)

[node name="Coin7" parent="Coin" instance=ExtResource("5_rka8t")]
transform = Transform3D(1, 0, 0, 0, 1, 0, 0, 0, 1, -6.5293384, 0.5615027, -1.8768139)

[node name="Node3D" type="Node3D" parent="."]

[node name="PlayerCharacter" parent="Node3D" instance=ExtResource("6_j7kpp")]
transform = Transform3D(1, 0, 0, 0, 1, 0, 0, 0, 1, 4.807585, 1.2915218, 1.706259)
