[gd_scene load_steps=15 format=3 uid="uid://7q0wfauo0ld"]

[ext_resource type="Script" uid="uid://x4mxes4ol28i" path="res://level_1.gd" id="1_b60u5"]
[ext_resource type="Environment" uid="uid://bmg80mjdxpy35" path="res://Kaynaklar/level_1_ortam.tres" id="3_833wy"]
[ext_resource type="MeshLibrary" uid="uid://bgcxjut636ix8" path="res://Kaynaklar/word-block-v1.tres" id="4_ghrvs"]
[ext_resource type="PackedScene" uid="uid://exdfkyc6a4st" path="res://coin.tscn" id="5_jvy75"]
[ext_resource type="PackedScene" uid="uid://bn2q73m6pvjlt" path="res://hud_1.tscn" id="6_g0tlw"]
[ext_resource type="MeshLibrary" uid="uid://b3c2le6ell3l7" path="res://Kaynaklar/TÜNEL-BLOCK-V4.tres" id="7_keufu"]
[ext_resource type="PackedScene" uid="uid://dvukqpfgyamdx" path="res://steve.tscn" id="8_joegk"]
[ext_resource type="PackedScene" uid="uid://bl15dv38xgrij" path="res://enemy.tscn" id="9_m8gss"]
[ext_resource type="PackedScene" uid="uid://br28vnnh82l3d" path="res://platform_3x_2_1.tscn" id="11_kmy7e"]
[ext_resource type="PackedScene" uid="uid://cy0kdl21al0qx" path="res://bitirme bloğu.tscn" id="12_ghrvs"]
[ext_resource type="PackedScene" uid="uid://dgjq60d6u8kch" path="res://platform_3x_2v_2_1.tscn" id="12_jvy75"]
[ext_resource type="PackedScene" uid="uid://ck63krc4mg3sn" path="res://donen_zemin.tscn" id="13_g0tlw"]
[ext_resource type="MeshLibrary" uid="uid://blxp84gyeikcw" path="res://ASSS/MODEL/siyah_beyaz.tres" id="13_jvy75"]

[sub_resource type="BoxShape3D" id="BoxShape3D_5hph3"]
size = Vector3(228.26367, 2.053711, 232.77905)

[node name="Level3" type="Node3D"]
script = ExtResource("1_b60u5")

[node name="DirectionalLight3D" type="DirectionalLight3D" parent="."]
transform = Transform3D(0.9988518, -0.02978898, -0.037521075, 0.0479084, 0.6210764, 0.7822844, 0, -0.7831837, 0.6217904, 0, 8.223158, 4.103897)
light_energy = 2.0
shadow_enabled = true

[node name="Block" type="Node3D" parent="."]

[node name="WorldEnvironment" type="WorldEnvironment" parent="."]
environment = ExtResource("3_833wy")

[node name="GridMap" type="GridMap" parent="."]
transform = Transform3D(1, 0, 0, 0, 1, 0, 0, 0, 1, 0, -1, 0)
mesh_library = ExtResource("4_ghrvs")
cell_center_y = false
collision_layer = 2
collision_mask = 13
data = {
"cells": PackedInt32Array(65535, 65533, 0, 65535, 65534, 0, 65535, 65535, 0, 65535, 0, 0, 65535, 1, 0, 65535, 2, 0, 65535, 3, 0, 65535, 4, 0, 65535, 5, 0, 65535, 6, 0, 0, 65533, 0, 0, 65534, 0, 0, 65535, 0, 0, 0, 0, 0, 1, 1441792, 0, 2, 0, 0, 3, 0, 0, 4, 0, 0, 5, 0, 0, 65512, 0, 0, 65511, 0, 65535, 65508, 0, 0, 65504, 0, 0, 65505, 0, 65534, 65508, 0, 1, 65512, 0, 1, 65511, 0, 1, 65505, 0, 1, 65504, 0, 65535, 65509, 0, 65534, 65509, 0, 65535, 65494, 0, 0, 65494, 0, 0, 65493, 0, 65535, 65493, 0, 0, 65492, 0, 65535, 65492, 0, 0, 65491, 0, 65535, 65491, 0, 0, 65490, 0, 65535, 65490, 0, 65533, 65487, 0, 65534, 65487, 0, 65535, 65487, 0, 0, 65487, 0, 1, 65487, 0, 2, 65487, 0, 2, 65486, 0, 1, 65486, 0, 0, 65486, 0, 65535, 65486, 0, 65534, 65486, 0, 65533, 65486, 0, 65533, 65485, 0, 65534, 65485, 0, 65535, 65485, 0, 0, 65485, 0, 1, 65485, 0, 2, 65485, 0, 65538, 65475, 720899, 65538, 65474, 720899, 65538, 65473, 720899, 65538, 65472, 720899, 65538, 65471, 720899, 131068, 65471, 1245187, 131068, 65472, 1245187, 131068, 65473, 1245187, 131068, 65474, 1245187, 131068, 65475, 1245187, 131074, 65475, 720899, 131074, 65474, 720899, 131074, 65473, 720899, 131074, 65472, 720899, 131074, 65471, 720899, 196604, 65475, 1245187, 196604, 65474, 1245187, 196604, 65473, 1245187, 196604, 65472, 1245187, 262140, 65475, 1245187, 262140, 65474, 1245187, 262140, 65473, 1245187, 262140, 65472, 1245187, 196610, 65471, 720899, 196610, 65472, 720899, 196610, 65473, 720899, 196610, 65474, 720899, 196610, 65475, 720899, 327676, 65475, 1441793, 327677, 65475, 1441793, 327678, 65475, 1441793, 327679, 65475, 1441793, 262144, 65475, 1441793, 262145, 65475, 1441793, 262146, 65475, 1441793, 327675, 65475, 1441793, 327675, 65474, 1441794, 327676, 65474, 1441794, 327677, 65474, 1441794, 327678, 65474, 1441794, 327679, 65474, 1441794, 262144, 65474, 1441794, 262145, 65474, 1441794, 262146, 65474, 1441794, 393211, 65473, 1441793, 393212, 65473, 1441793, 393213, 65473, 1441793, 393214, 65473, 1441793, 393215, 65473, 1441793, 327680, 65473, 1441793, 327681, 65473, 1441793, 327682, 65473, 1441793, 131071, 65474, 1441792, 196607, 65474, 1441792, 262147, 65475, 1441793, 262147, 65474, 1441794, 327683, 65473, 1441793, 65533, 65476, 1441792, 65533, 65477, 1441792, 65533, 65478, 1441792, 65533, 65479, 1441792, 65533, 65480, 1441792, 65533, 65481, 1441792, 65533, 65482, 1441792, 65533, 65483, 1441792, 65533, 65484, 1441792, 65534, 65476, 1441792, 65534, 65477, 1441792, 65534, 65478, 1441792, 65534, 65479, 1441792, 65534, 65480, 1441792, 65534, 65481, 1441792, 65534, 65482, 1441792, 65534, 65483, 1441792, 65534, 65484, 1441792, 65535, 65476, 1441792, 65535, 65477, 1441792, 65535, 65478, 1441792, 65535, 65479, 1441792, 65535, 65480, 1441792, 65535, 65481, 1441792, 65535, 65482, 1441792, 65535, 65483, 1441792, 65535, 65484, 1441792, 0, 65476, 1441792, 0, 65477, 1441792, 0, 65478, 1441792, 0, 65479, 1441792, 0, 65480, 1441792, 0, 65481, 1441792, 0, 65482, 1441792, 0, 65483, 1441792, 0, 65484, 1441792, 1, 65476, 1441792, 1, 65477, 1441792, 1, 65478, 1441792, 1, 65479, 1441792, 1, 65480, 1441792, 1, 65481, 1441792, 1, 65482, 1441792, 1, 65483, 1441792, 1, 65484, 1441792, 2, 65476, 1441792, 2, 65477, 1441792, 2, 65478, 1441792, 2, 65479, 1441792, 2, 65480, 1441792, 2, 65481, 1441792, 2, 65482, 1441792, 2, 65483, 1441792, 2, 65484, 1441792, 65532, 65476, 1441792, 65532, 65477, 1441792, 65532, 65478, 1441792, 65532, 65479, 1441792, 65532, 65480, 1441792, 65532, 65481, 1441792, 65532, 65482, 1441792, 65532, 65483, 1441792, 65532, 65484, 1441792, 65532, 65485, 1441792, 65532, 65486, 1441792, 65532, 65487, 1441792, 65532, 65475, 0, 65533, 65475, 0, 65534, 65475, 0, 65535, 65475, 0, 0, 65475, 0, 1, 65475, 0, 2, 65475, 0, 0, 6, 1441792, 0, 9, 1441792, 65535, 9, 1441792, 65535, 10, 1441792, 0, 10, 1441792, 65535, 13, 1441792, 0, 13, 1441792, 0, 14, 1441792, 65535, 14, 1441792, 1, 17, 1441792, 0, 17, 1441792, 0, 18, 1441792, 1, 18, 1441792, 65534, 20, 1441792, 65533, 20, 1441792, 65534, 21, 1441792, 65533, 21, 1441792, 65535, 24, 1441792, 65535, 25, 1441792, 0, 25, 1441792, 0, 24, 1441792, 65535, 26, 1441792, 0, 26, 1441792, 0, 35, 1441792, 65535, 35, 1441792, 65535, 36, 1441792, 0, 36, 1441792, 0, 37, 1441792, 65535, 37, 1441792, 0, 34, 1441792, 65535, 34, 1441792, 65535, 33, 0, 0, 33, 0, 65535, 32, 0, 0, 32, 0, 65535, 31, 0, 0, 31, 0, 65535, 30, 0, 0, 30, 0, 65535, 29, 0, 0, 29, 0, 65535, 28, 0, 0, 28, 0, 65535, 27, 0, 0, 27, 0, 0, 7, 0, 0, 8, 0, 65535, 7, 0, 65535, 8, 0, 0, 65526, 0, 65535, 65526, 0, 0, 65525, 0, 65535, 65525, 0, 0, 65524, 0, 65535, 65524, 0, 0, 65518, 0, 0, 65517, 0, 0, 65516, 0, 0, 65515, 0, 65535, 65518, 0, 65535, 65517, 0, 65535, 65516, 0, 65535, 65515, 0, 65535, 65496, 0, 65535, 65497, 0, 65535, 65498, 0, 65535, 65499, 0, 65535, 65500, 0, 65535, 65501, 0, 0, 65495, 0, 0, 65496, 0, 0, 65497, 0, 0, 65498, 0, 0, 65499, 0, 0, 65500, 0, 0, 65501, 0, 65535, 65495, 0)
}
metadata/_editor_floor_ = Vector3(0, 0, 0)

[node name="Coin" type="Node3D" parent="."]
transform = Transform3D(1, 0, 0, 0, 1, 0, 0, 0, 1, 0, 1, 3)

[node name="Coin1" parent="Coin" node_paths=PackedStringArray("hud") instance=ExtResource("5_jvy75")]
transform = Transform3D(0.9997951, 0, -0.020244434, 0, 1, 0, 0.020244434, 0, 0.9997951, -0.060461283, -0.14752054, 45.537277)
hud = NodePath("../../HUD1")

[node name="Coin2" parent="Coin" instance=ExtResource("5_jvy75")]
transform = Transform3D(1, 0, 0, 0, 1, 0, 0, 0, 1, -0.29772854, 0.01767373, 1.0523591)

[node name="Coin3" parent="Coin" node_paths=PackedStringArray("hud") instance=ExtResource("5_jvy75")]
transform = Transform3D(0.99999875, 0.0015882489, 0, -0.0015882489, 0.99999875, 0, 0, 0, 1, -1.9849076, -0.21979237, -56.936745)
hud = NodePath("../../HUD1")

[node name="Coin4" parent="Coin" node_paths=PackedStringArray("hud") instance=ExtResource("5_jvy75")]
transform = Transform3D(0.99999934, -0.0011514685, 3.2143314e-05, 0.0011519146, 0.99966574, -0.02582798, -2.3924608e-06, 0.025828004, 0.9996664, 0.38472748, 0.015511274, -92.34337)
hud = NodePath("../../HUD1")

[node name="Coin5" parent="Coin" node_paths=PackedStringArray("hud") instance=ExtResource("5_jvy75")]
transform = Transform3D(1, 0, 0, 0, 1, 0, 0, 0, 1, 0.012773275, -0.04575634, -73.468315)
hud = NodePath("../../HUD1")

[node name="Fallzone" type="Area3D" parent="."]
transform = Transform3D(1, 0, 0, 0, 1, 0, 0, 0, 1, 0, -22.742659, 0)
collision_layer = 16

[node name="CollisionShape3D" type="CollisionShape3D" parent="Fallzone"]
transform = Transform3D(1, 0, 0, 0, 1, 0, 0, 0, 1, 0, -0.52685547, 0)
shape = SubResource("BoxShape3D_5hph3")

[node name="HUD1" parent="." instance=ExtResource("6_g0tlw")]

[node name="GridMap2" type="GridMap" parent="."]
mesh_library = ExtResource("7_keufu")
collision_layer = 2
collision_mask = 13
data = {
"cells": PackedInt32Array(131071, 65473, 1048628)
}
metadata/_editor_floor_ = Vector3(0, 1, 0)

[node name="Steve" parent="." instance=ExtResource("8_joegk")]
transform = Transform3D(0.97090906, 0, -0.23944862, 0, 1, 0, 0.23944862, 0, 0.97090906, 0, 0.57984877, 71.922806)

[node name="Enemies" type="Node3D" parent="."]

[node name="Enemy1" parent="Enemies" instance=ExtResource("9_m8gss")]
transform = Transform3D(-0.088233724, 0, -0.9960998, 0, 1, 0, 0.9960998, 0, -0.088233724, 1.5906014, 0.43326783, 4.672296)
collision_layer = 8
collision_mask = 2

[node name="Enemy2" parent="Enemies" instance=ExtResource("9_m8gss")]
transform = Transform3D(0.088233635, 0, 0.9960998, 0, 1, 0, -0.9960998, 0, 0.088233635, -1.790472, 0.3831023, 3.6784515)
collision_layer = 8
collision_mask = 2
direction = Vector3(1, 0, 0)

[node name="Enemy10" parent="Enemies" instance=ExtResource("9_m8gss")]
transform = Transform3D(0.088233635, 0, 0.9960998, 0, 1, 0, -0.9960998, 0, 0.088233635, -1.3822196, 0.3831023, 48.89609)
collision_layer = 8
collision_mask = 2
direction = Vector3(1, 0, 0)

[node name="Enemy13" parent="Enemies" instance=ExtResource("9_m8gss")]
transform = Transform3D(-0.088233545, 0, -0.9960998, 0, 1, 0, 0.9960998, 0, -0.088233545, 1.455981, 0.3831023, 26.376385)
collision_layer = 8
collision_mask = 2

[node name="Enemy3" parent="Enemies" instance=ExtResource("9_m8gss")]
transform = Transform3D(0.088233635, 0, 0.9960998, 0, 1, 0, -0.9960998, 0, 0.088233635, -1.645103, 0.3831023, -5.1904917)
collision_layer = 8
collision_mask = 2
direction = Vector3(1, 0, 0)

[node name="Enemy5" parent="Enemies" instance=ExtResource("9_m8gss")]
transform = Transform3D(0.088233635, 0, 0.9960998, 0, 1, 0, -0.9960998, 0, 0.088233635, 0.5757408, 0.3831023, -46.595814)
collision_layer = 8
collision_mask = 2
direction = Vector3(1, 0, 0)

[node name="Enemy6" parent="Enemies" instance=ExtResource("9_m8gss")]
transform = Transform3D(0.088233635, 0, 0.9960998, 0, 1, 0, -0.9960998, 0, 0.088233635, -3.2462175, 0.3831023, -54.979076)
collision_layer = 8
collision_mask = 2
direction = Vector3(1, 0, 0)

[node name="Enemy7" parent="Enemies" instance=ExtResource("9_m8gss")]
transform = Transform3D(-0.088233545, 0, -0.9960998, 0, 1, 0, 0.9960998, 0, -0.088233545, 3.6388433, 0.3831023, -63.089005)
collision_layer = 8
collision_mask = 2

[node name="Enemy4" parent="Enemies" instance=ExtResource("9_m8gss")]
transform = Transform3D(0.9960998, 0, -0.08823368, 0, 1, 0, 0.08823368, 0, 0.9960998, -0.017843962, 0.3831023, -5.179855)
collision_layer = 8
collision_mask = 2
direction = Vector3(0, 0, 1)

[node name="Haraketli Platforms" type="Node3D" parent="."]

[node name="şaşırtmalı platform" type="Node3D" parent="."]

[node name="bitirme bloğu" parent="şaşırtmalı platform" instance=ExtResource("12_ghrvs")]
transform = Transform3D(-4.371139e-08, 0, 1, 0, 1, 0, -1, 0, -4.371139e-08, 0, -2.162321, -96.30755)

[node name="donen zemin" parent="şaşırtmalı platform" instance=ExtResource("13_g0tlw")]
transform = Transform3D(1, 0, 0, 0, 1, 0, 0, 0, 0.9, 0, 0.483, -77.00969)
donus_hizi = 2.0

[node name="donen zemin2" parent="şaşırtmalı platform" instance=ExtResource("13_g0tlw")]
transform = Transform3D(1, 0, 0, 0, 1, 0, 0, 0, 0.9, 0, 0.483, 58.55657)
donus_hizi = 2.0

[node name="Platform3x2V2_1" parent="şaşırtmalı platform" instance=ExtResource("12_jvy75")]
transform = Transform3D(1, 0, 0, 0, 1, 0, 0, 0, 1, 0.030539513, -1, -9.004)
move_offset = Vector3(0, 0, -7)
duration = 1.5

[node name="Platform3x2_1" parent="şaşırtmalı platform" instance=ExtResource("11_kmy7e")]
transform = Transform3D(-4.371139e-08, 0, 1, 0, 1, 0, -1, 0, -4.371139e-08, 4, -1, -28.220018)
move_offset = Vector3(-4, 0, 0)
duration = 0.0

[node name="GridMap3" type="GridMap" parent="."]
mesh_library = ExtResource("13_jvy75")
collision_layer = 2
collision_mask = 13
data = {
"cells": PackedInt32Array(-3, 65489, 0, -2, 65488, 0, -1, 65489, 0, -65536, 65488, 0, -65535, 65489, 0, -65534, 65488, 0, -65534, 65489, 1, -65535, 65488, 1, -65536, 65489, 1, -1, 65488, 1, -2, 65489, 1, -3, 65488, 1441793, -4, 65488, 1441792, -4, 65489, 1441793)
}
metadata/_editor_floor_ = Vector3(0, -1, 0)

[connection signal="body_entered" from="Coin/Coin1" to="." method="_on_coin_1_body_entered"]
[connection signal="body_entered" from="Fallzone" to="Steve" method="_on_fallzone_body_entered"]
