[gd_scene load_steps=15 format=3 uid="uid://ba5chjeav3yb"]

[ext_resource type="PackedScene" uid="uid://cdljmat15683r" path="res://block.tscn" id="1_3hls8"]
[ext_resource type="Script" uid="uid://x4mxes4ol28i" path="res://level_1.gd" id="1_j7kpp"]
[ext_resource type="PackedScene" uid="uid://dvukqpfgyamdx" path="res://steve.tscn" id="2_hbghi"]
[ext_resource type="PackedScene" uid="uid://exdfkyc6a4st" path="res://coin.tscn" id="5_rka8t"]
[ext_resource type="Environment" uid="uid://bmg80mjdxpy35" path="res://Kaynaklar/level_1_ortam.tres" id="6_5hph3"]
[ext_resource type="MeshLibrary" uid="uid://bgcxjut636ix8" path="res://Kaynaklar/word-block-v1.tres" id="7_j7kpp"]
[ext_resource type="PackedScene" uid="uid://bn2q73m6pvjlt" path="res://hud_1.tscn" id="8_bjebc"]
[ext_resource type="MeshLibrary" uid="uid://b3c2le6ell3l7" path="res://Kaynaklar/TÜNEL-BLOCK-V4.tres" id="9_5rr72"]
[ext_resource type="PackedScene" uid="uid://bl15dv38xgrij" path="res://enemy.tscn" id="9_gyffv"]
[ext_resource type="PackedScene" uid="uid://n0m8eaxc6f8k" path="res://platform_3x_2.tscn" id="10_gyffv"]
[ext_resource type="PackedScene" uid="uid://br28vnnh82l3d" path="res://platform_3x_2_1.tscn" id="11_27bay"]
[ext_resource type="PackedScene" uid="uid://cy0kdl21al0qx" path="res://bitirme bloğu.tscn" id="12_sof0w"]
[ext_resource type="MeshLibrary" uid="uid://blxp84gyeikcw" path="res://ASSS/MODEL/siyah_beyaz.tres" id="14_ggavl"]

[sub_resource type="BoxShape3D" id="BoxShape3D_5hph3"]
size = Vector3(228.26367, 2.053711, 232.77905)

[node name="Level1" type="Node3D"]
script = ExtResource("1_j7kpp")

[node name="DirectionalLight3D" type="DirectionalLight3D" parent="."]
transform = Transform3D(0.9988518, -0.02978898, -0.037521075, 0.0479084, 0.6210764, 0.7822844, 0, -0.7831837, 0.6217904, 0, 22.703388, 4.103897)
light_energy = 2.0
shadow_enabled = true

[node name="Block" type="Node3D" parent="."]
visible = false

[node name="Block1" parent="Block" instance=ExtResource("1_3hls8")]
transform = Transform3D(-0.7999886, 0.45424283, 0.39202273, -0.6000154, -0.6056328, -0.522676, -6.309627e-09, -0.6533547, 0.75705206, 1.183078, 5.571928, -0.8718678)

[node name="Block2" parent="Block" instance=ExtResource("1_3hls8")]
transform = Transform3D(-0.9442043, -0.2493434, -0.21518952, 0.3293612, -0.71481156, -0.61689997, -6.309627e-09, -0.6533547, 0.75705206, 4.1868186, 5.600443, -0.07200539)

[node name="Block3" parent="Block" instance=ExtResource("1_3hls8")]
transform = Transform3D(-0.98665786, 0.12325517, 0.10637222, -0.16280931, -0.74695104, -0.64463717, -6.309627e-09, -0.6533547, 0.75705206, 3.99435, 3.5719283, -1.5268073)

[node name="Block4" parent="Block" instance=ExtResource("1_3hls8")]
transform = Transform3D(-0.9800362, 0.15051757, 0.12990035, -0.19882058, -0.7419382, -0.64031094, -1.36114675e-08, -0.65335476, 0.7570522, 1.2620828, 4.434721, -0.4528309)

[node name="Block5" parent="Block" instance=ExtResource("1_3hls8")]
transform = Transform3D(-0.9800362, 0.15051757, 0.12990035, -0.19882058, -0.7419382, -0.64031094, -1.36114675e-08, -0.65335476, 0.7570522, 2.026632, 3.5719283, -2.0357213)

[node name="Block6" parent="Block" instance=ExtResource("1_3hls8")]
transform = Transform3D(-0.9800362, 0.15051757, 0.12990035, -0.19882058, -0.7419382, -0.64031094, -1.36114675e-08, -0.65335476, 0.7570522, 1.9102478, 9.090093, 0.241032)

[node name="WorldEnvironment" type="WorldEnvironment" parent="."]
environment = ExtResource("6_5hph3")

[node name="GridMap" type="GridMap" parent="."]
transform = Transform3D(1, 0, 0, 0, 1, 0, 0, 0, 1, 0, -1, 0)
mesh_library = ExtResource("7_j7kpp")
cell_center_y = false
collision_layer = 2
collision_mask = 13
data = {
"cells": PackedInt32Array(65535, 3, 0, 65535, 4, 0, 65535, 5, 0, 65535, 6, 0, 0, 3, 1048576, 0, 4, 0, 0, 5, 0, 0, 6, 0, 65533, 65487, 0, 65534, 65487, 0, 65535, 65487, 0, 0, 65487, 0, 1, 65487, 0, 2, 65487, 0, 2, 65486, 0, 1, 65486, 0, 0, 65486, 0, 65535, 65486, 0, 65534, 65486, 0, 65533, 65486, 0, 65533, 65485, 0, 65534, 65485, 0, 65535, 65485, 0, 0, 65485, 0, 1, 65485, 0, 2, 65485, 0, 65538, 65475, 720899, 65538, 65474, 720899, 65538, 65473, 720899, 65538, 65472, 720899, 65538, 65471, 720899, 131068, 65471, 1245187, 131068, 65472, 1245187, 131068, 65473, 1245187, 131068, 65474, 1245187, 131068, 65475, 1245187, 131074, 65475, 720899, 131074, 65474, 720899, 131074, 65473, 720899, 131074, 65472, 720899, 131074, 65471, 720899, 196604, 65475, 1245187, 196604, 65474, 1245187, 196604, 65473, 1245187, 196604, 65472, 1245187, 262140, 65475, 1245187, 262140, 65474, 1245187, 262140, 65473, 1245187, 262140, 65472, 1245187, 196610, 65471, 720899, 196610, 65472, 720899, 196610, 65473, 720899, 196610, 65474, 720899, 196610, 65475, 720899, 327676, 65475, 1441793, 327677, 65475, 1441793, 327678, 65475, 1441793, 327679, 65475, 1441793, 262144, 65475, 1441793, 262145, 65475, 1441793, 262146, 65475, 1441793, 327675, 65475, 1441793, 327675, 65474, 1441794, 327676, 65474, 1441794, 327677, 65474, 1441794, 327678, 65474, 1441794, 327679, 65474, 1441794, 262144, 65474, 1441794, 262145, 65474, 1441794, 262146, 65474, 1441794, 393211, 65473, 1441793, 393212, 65473, 1441793, 393213, 65473, 1441793, 393214, 65473, 1441793, 393215, 65473, 1441793, 327680, 65473, 1441793, 327681, 65473, 1441793, 327682, 65473, 1441793, 131071, 65474, 1441792, 196607, 65474, 1441792, 262147, 65475, 1441793, 262147, 65474, 1441794, 327683, 65473, 1441793, 65533, 65476, 1441792, 65533, 65477, 1441792, 65533, 65478, 1441792, 65533, 65479, 1441792, 65533, 65480, 1441792, 65533, 65481, 1441792, 65533, 65482, 1441792, 65533, 65483, 1441792, 65533, 65484, 1441792, 65534, 65476, 1441792, 65534, 65477, 1441792, 65534, 65478, 1441792, 65534, 65479, 1441792, 65534, 65480, 1441792, 65534, 65481, 1441792, 65534, 65482, 1441792, 65534, 65483, 1441792, 65534, 65484, 1441792, 65535, 65476, 1441792, 65535, 65477, 1441792, 65535, 65478, 1441792, 65535, 65479, 1441792, 65535, 65480, 1441792, 65535, 65481, 1441792, 65535, 65482, 1441792, 65535, 65483, 1441792, 65535, 65484, 1441792, 0, 65476, 1441792, 0, 65477, 1441792, 0, 65478, 1441792, 0, 65479, 1441792, 0, 65480, 1441792, 0, 65481, 1441792, 0, 65482, 1441792, 0, 65483, 1441792, 0, 65484, 1441792, 1, 65476, 1441792, 1, 65477, 1441792, 1, 65478, 1441792, 1, 65479, 1441792, 1, 65480, 1441792, 1, 65481, 1441792, 1, 65482, 1441792, 1, 65483, 1441792, 1, 65484, 1441792, 2, 65476, 1441792, 2, 65477, 1441792, 2, 65478, 1441792, 2, 65479, 1441792, 2, 65480, 1441792, 2, 65481, 1441792, 2, 65482, 1441792, 2, 65483, 1441792, 2, 65484, 1441792, 65532, 65476, 1441792, 65532, 65477, 1441792, 65532, 65478, 1441792, 65532, 65479, 1441792, 65532, 65480, 1441792, 65532, 65481, 1441792, 65532, 65482, 1441792, 65532, 65483, 1441792, 65532, 65484, 1441792, 65532, 65485, 1441792, 65532, 65486, 1441792, 65532, 65487, 1441792, 65532, 65475, 1048576, 65533, 65475, 1048576, 65534, 65475, 1048576, 65535, 65475, 1048576, 0, 65475, 1048576, 1, 65475, 1048576, 2, 65475, 1048576, 65535, 2, 1048576, 0, 2, 1048576, 65535, 24, 1441792, 65535, 25, 1441792, 65535, 26, 1441792, 65535, 27, 1441792, 65535, 28, 1441792, 65535, 29, 1441792, 0, 24, 1441792, 0, 25, 1441792, 0, 26, 1441792, 0, 27, 1441792, 0, 28, 1441792, 0, 29, 1441792, 1, 28, 1441792, 1, 29, 1441792, 327680, 65534, 1441792, 393215, 65534, 1441792, 327681, 65534, 1441792, 393214, 65534, 1441792, 327681, 65533, 1441792, 327680, 65533, 1441792, 393215, 65533, 1441792, 393214, 65533, 1441792, 393214, 65530, 1441792, 393215, 65530, 1441792, 393215, 65529, 1441792, 393214, 65529, 1441792, 327680, 65526, 1441792, 327681, 65526, 1441792, 327681, 65525, 1441792, 327680, 65525, 1441792, 1, 65506, 1441792, 1, 65507, 1441792, 0, 65507, 1441792, 0, 65506, 1441792, 65535, 65506, 1441792, 65535, 65507, 1441792, 65534, 65507, 1441792, 65534, 65506, 1441792, 0, 65505, 1441792, 0, 65504, 1441792, 65535, 65505, 1441792, 65535, 65504, 1441792, 0, 65503, 1441792, 65535, 65503, 1441792, 0, 65490, 0, 65535, 65493, 0, 0, 65493, 0, 0, 65491, 0, 0, 65492, 0, 65535, 65492, 0, 65535, 65491, 0, 65535, 65490, 0, 65534, 65508, 1441792, 65534, 65509, 1441792, 393215, 65519, 1441792, 327680, 65519, 1441792, 327681, 65519, 1441792, 327681, 65520, 1441792, 393215, 65520, 1441792, 327680, 65520, 1441792, 327681, 65521, 0, 327681, 65522, 0, 327680, 65522, 0, 393215, 65522, 0, 393215, 65521, 0, 327680, 65521, 0)
}
metadata/_editor_floor_ = Vector3(0, 5, 0)

[node name="Coin" type="Node3D" parent="."]
transform = Transform3D(1, 0, 0, 0, 1, 0, 0, 0, 1, 0, 1, 3)

[node name="Coin1" parent="Coin" node_paths=PackedStringArray("hud") instance=ExtResource("5_rka8t")]
transform = Transform3D(0.9997951, 0, -0.020244434, 0, 1, 0, 0.020244434, 0, 0.9997951, -0.057032347, -0.19350147, -61.09587)
hud = NodePath("../../HUD1")

[node name="Coin2" parent="Coin" instance=ExtResource("5_rka8t")]
transform = Transform3D(1, 0, 0, 0, 1, 0, 0, 0, 1, -1.1683381, -0.2540295, 45.973137)

[node name="Coin3" parent="Coin" node_paths=PackedStringArray("hud") instance=ExtResource("5_rka8t")]
transform = Transform3D(0.99999875, 0.0015882489, 0, -0.0015882489, 0.99999875, 0, 0, 0, 1, 0.13659215, 10.247742, -2.9530325)
hud = NodePath("../../HUD1")

[node name="Coin4" parent="Coin" node_paths=PackedStringArray("hud") instance=ExtResource("5_rka8t")]
transform = Transform3D(0.99999934, -0.0011514685, 3.2143314e-05, 0.0011519146, 0.99966574, -0.02582798, -2.3924608e-06, 0.025828004, 0.9996664, 0.015740156, -0.3275349, -90.378235)
hud = NodePath("../../HUD1")

[node name="Coin5" parent="Coin" node_paths=PackedStringArray("hud") instance=ExtResource("5_rka8t")]
transform = Transform3D(1, 0, 0, 0, 1, 0, 0, 0, 1, 2.102765, 10.450544, -22.936298)
hud = NodePath("../../HUD1")

[node name="Fallzone" type="Area3D" parent="."]
transform = Transform3D(1, 0, 0, 0, 1, 0, 0, 0, 1, 0, -22.742659, 0)
collision_layer = 16

[node name="CollisionShape3D" type="CollisionShape3D" parent="Fallzone"]
transform = Transform3D(1, 0, 0, 0, 1, 0, 0, 0, 1, 0, -0.52685547, 0)
shape = SubResource("BoxShape3D_5hph3")

[node name="HUD1" parent="." instance=ExtResource("8_bjebc")]

[node name="GridMap2" type="GridMap" parent="."]
mesh_library = ExtResource("9_5rr72")
collision_layer = 2
collision_mask = 13
data = {
"cells": PackedInt32Array(131071, 65473, 1048628)
}
metadata/_editor_floor_ = Vector3(0, 1, 0)

[node name="Steve" parent="." instance=ExtResource("2_hbghi")]
transform = Transform3D(1, 0, 0, 0, 1, 0, 0, 0, 1, 2.9267578, 0.57984877, 57.803658)

[node name="Enemies" type="Node3D" parent="."]

[node name="Enemy1" parent="Enemies" instance=ExtResource("9_gyffv")]
transform = Transform3D(-0.088233724, 0, -0.9960998, 0, 1, 0, 0.9960998, 0, -0.088233724, 1.6134295, 0.43326783, 49.09892)
collision_layer = 8
collision_mask = 2

[node name="Enemy3" parent="Enemies" instance=ExtResource("9_gyffv")]
transform = Transform3D(-0.088233724, 0, -0.9960998, 0, 1, 0, 0.9960998, 0, -0.088233724, 1.1539207, 0.43326783, 12.17874)
collision_layer = 8
collision_mask = 2

[node name="Enemy5" parent="Enemies" instance=ExtResource("9_gyffv")]
transform = Transform3D(-0.088233724, 0, -0.9960998, 0, 1, 0, 0.9960998, 0, -0.088233724, 1.1539207, 0.43326783, 4.873514)
collision_layer = 8
collision_mask = 2

[node name="Enemy13" parent="Enemies" instance=ExtResource("9_gyffv")]
transform = Transform3D(-0.088233724, 0, -0.9960998, 0, 1, 0, 0.9960998, 0, -0.088233724, 2.7319808, 0.43326783, -56.788864)
collision_layer = 8
collision_mask = 2

[node name="Enemy14" parent="Enemies" instance=ExtResource("9_gyffv")]
transform = Transform3D(0.08823381, 0, 0.9960998, 0, 1, 0, -0.9960998, 0, 0.08823381, -3.3730397, 0.43326783, -57.921177)
collision_layer = 8
collision_mask = 2
direction = Vector3(1, 0, 0)

[node name="Enemy15" parent="Enemies" instance=ExtResource("9_gyffv")]
transform = Transform3D(0.08823381, 0, 0.9960998, 0, 1, 0, -0.9960998, 0, 0.08823381, -1.645927, 0.43326783, -65.00386)
collision_layer = 8
collision_mask = 2
direction = Vector3(1, 0, 0)

[node name="Enemy7" parent="Enemies" instance=ExtResource("9_gyffv")]
transform = Transform3D(0.08823381, 0, 0.9960998, 0, 1, 0, -0.9960998, 0, 0.08823381, -3.4994268, 10.166667, -5.215865)
collision_layer = 8
collision_mask = 2
direction = Vector3(1, 0, 0)

[node name="Enemy10" parent="Enemies" instance=ExtResource("9_gyffv")]
transform = Transform3D(0.08823381, 0, 0.9960998, 0, 1, 0, -0.9960998, 0, 0.08823381, 0.26759624, 10.166667, -21.021248)
collision_layer = 8
collision_mask = 2
direction = Vector3(1, 0, 0)

[node name="Enemy12" parent="Enemies" instance=ExtResource("9_gyffv")]
transform = Transform3D(0.08823381, 0, 0.9960998, 0, 1, 0, -0.9960998, 0, 0.08823381, -1.4736681, 10.166667, -33.005585)
collision_layer = 8
collision_mask = 2
direction = Vector3(1, 0, 0)

[node name="Enemy8" parent="Enemies" instance=ExtResource("9_gyffv")]
transform = Transform3D(0.17258236, 0, -0.9849951, 0, 1, 0, 0.9849951, 0, 0.17258236, 3.160205, 10.166667, -4.243166)
collision_layer = 8
collision_mask = 2

[node name="Enemy9" parent="Enemies" instance=ExtResource("9_gyffv")]
transform = Transform3D(0.17258236, 0, -0.9849951, 0, 1, 0, 0.9849951, 0, 0.17258236, 3.160205, 10.166667, -18.640053)
collision_layer = 8
collision_mask = 2

[node name="Enemy11" parent="Enemies" instance=ExtResource("9_gyffv")]
transform = Transform3D(0.17258236, 0, -0.9849951, 0, 1, 0, 0.9849951, 0, 0.17258236, 3.160205, 10.166667, -27.560875)
collision_layer = 8
collision_mask = 2

[node name="Enemy2" parent="Enemies" instance=ExtResource("9_gyffv")]
transform = Transform3D(0.088233635, 0, 0.9960998, 0, 1, 0, -0.9960998, 0, 0.088233635, -1.2978313, 0.3831023, 55.003773)
collision_layer = 8
collision_mask = 2
direction = Vector3(1, 0, 0)

[node name="Enemy4" parent="Enemies" instance=ExtResource("9_gyffv")]
transform = Transform3D(0.9960998, 0, -0.08823368, 0, 1, 0, 0.08823368, 0, 0.9960998, 0.20686448, 0.3831023, 48.95437)
collision_layer = 8
collision_mask = 2
direction = Vector3(0, 0, 1)

[node name="Haraketli Platforms" type="Node3D" parent="."]

[node name="Platform3x3" parent="Haraketli Platforms" instance=ExtResource("10_gyffv")]
transform = Transform3D(-4.371139e-08, 0, 1, 0, 1, 0, -1, 0, -4.371139e-08, 0, 9, 1)
a = Vector3(0, 9, 1)
b = Vector3(0, -1, 1)

[node name="Platform3x4" parent="Haraketli Platforms" instance=ExtResource("10_gyffv")]
transform = Transform3D(-1, 0, -8.742278e-08, 0, 1, 0, 8.742278e-08, 0, -1, 1, -1, -54)
a = Vector3(1, -1, -54)
b = Vector3(1, 9, -36)

[node name="şaşırtmalı platform" type="Node3D" parent="."]

[node name="Platform3x2_1" parent="şaşırtmalı platform" instance=ExtResource("11_27bay")]
transform = Transform3D(-4.371139e-08, 0, 1, 0, 1, 0, -1, 0, -4.371139e-08, 0, -1, 43)
move_offset = Vector3(4, 0, 0)
duration = 0.0

[node name="Platform3x2_4" parent="şaşırtmalı platform" instance=ExtResource("11_27bay")]
transform = Transform3D(-4.371139e-08, 0, 1, 0, 1, 0, -1, 0, -4.371139e-08, 0, -1, -71)
move_offset = Vector3(4, 0, 0)
duration = 0.0

[node name="Platform3x2_5" parent="şaşırtmalı platform" instance=ExtResource("11_27bay")]
transform = Transform3D(-4.371139e-08, 0, 1, 0, 1, 0, -1, 0, -4.371139e-08, 4, -1, -79)
move_offset = Vector3(-4, 0, 0)
duration = 0.0

[node name="Platform3x2_2" parent="şaşırtmalı platform" instance=ExtResource("11_27bay")]
transform = Transform3D(-4.371139e-08, 0, 1, 0, 1, 0, -1, 0, -4.371139e-08, 4, -1, 35)
move_offset = Vector3(4, 0, 0)
duration = 0.0

[node name="Platform3x2_3" parent="şaşırtmalı platform" instance=ExtResource("11_27bay")]
transform = Transform3D(-4.371139e-08, 0, 1, 0, 1, 0, -1, 0, -4.371139e-08, 8, -1, 27)
move_offset = Vector3(-8, 0, -10)
duration = 3.0

[node name="bitirme bloğu" parent="şaşırtmalı platform" instance=ExtResource("12_sof0w")]
transform = Transform3D(-4.371139e-08, 0, 1, 0, 1, 0, -1, 0, -4.371139e-08, 0, -2.162321, -93.900505)

[node name="GridMap3" type="GridMap" parent="."]
mesh_library = ExtResource("14_ggavl")
data = {
"cells": PackedInt32Array(-3, 65489, 0, -2, 65488, 0, -1, 65489, 0, -65536, 65488, 0, -65535, 65489, 0, -65534, 65488, 0, -65534, 65489, 1, -65535, 65488, 1, -65536, 65489, 1, -1, 65488, 1, -2, 65489, 1, -3, 65488, 1441793, -4, 65488, 1441792, -4, 65489, 1441793)
}
metadata/_editor_floor_ = Vector3(0, -1, 0)

[connection signal="body_entered" from="Fallzone" to="Steve" method="_on_fallzone_body_entered"]
